{
 "cells": [
  {
   "cell_type": "code",
   "execution_count": 96,
   "metadata": {},
   "outputs": [
    {
     "name": "stdout",
     "output_type": "stream",
     "text": [
      "[0.4657432632923794, 0.45175460082464175, 0.08250213588297874]\n",
      "[0.279436228813769, 0.6882269757645705, 0.032336795421660465]\n",
      "[0.12073964437413756, 0.11127534601558889, 0.7679850096102735]\n",
      "[0.2851115146117451, 0.40755655569077276, 0.3073319296974822]\n",
      "[0.22572595686001432, 0.264363188193888, 0.5099108549460977]\n",
      "[0.374192146540537, 0.499583983236044, 0.12622387022341885]\n",
      "[0.38357500901662767, 0.49647374084963747, 0.11995125013373485]\n",
      "[0.27669596422532305, 0.3556934912338815, 0.3676105445407955]\n",
      "[0.1726141867316996, 0.18202819182575353, 0.6453576214425468]\n",
      "[0.0552021130881345, 0.04824942180567355, 0.8965484651061919]\n",
      "[0.23795906011448384, 0.2943666583538706, 0.4676742815316456]\n",
      "[0.42522783976980255, 0.5154189921210355, 0.059353168109162]\n",
      "[0.31750845722839155, 0.6092178167956414, 0.07327372597596714]\n",
      "[0.27549364324609055, 0.6057449414005854, 0.11876141535332402]\n",
      "[0.2628340489444308, 0.33209669215227516, 0.40506925890329415]\n",
      "[0.3754119887188432, 0.5448552515680044, 0.07973275971315233]\n",
      "[0.06029726576901468, 0.05888407968466543, 0.8808186545463198]\n",
      "[0.10301225369126336, 0.09582110275200628, 0.8011666435567303]\n",
      "[0.3137151556723623, 0.6427144322412806, 0.0435704120863571]\n",
      "[0.1010669128415817, 0.09371575538227363, 0.8052173317761447]\n",
      "[0.3574579571642609, 0.5040988708553347, 0.13844317198040437]\n",
      "[0.12354512958581544, 0.12884272814152795, 0.7476121422726566]\n",
      "[0.11777500838605814, 0.10704856896191876, 0.7751764226520231]\n",
      "[0.23655629005852413, 0.28151691023297915, 0.4819267997084968]\n",
      "[0.14181437934028243, 0.14269477400546315, 0.7154908466542543]\n",
      "[0.4111880806834428, 0.49666926052879456, 0.09214265878776257]\n",
      "[0.3231993001476363, 0.6064629245433041, 0.07033777530905959]\n",
      "[0.3647495817266009, 0.5111668475314186, 0.12408357074198051]\n",
      "[0.10972916624462044, 0.09640694981268236, 0.7938638839426972]\n",
      "[0.16743476116755532, 0.18625695125479516, 0.6463082875776495]\n",
      "[0.15399539466673193, 0.16484082680357678, 0.6811637785296913]\n",
      "[0.08167170545234505, 0.07363268381221551, 0.8446956107354395]\n",
      "[0.23324551296139245, 0.2741548511853799, 0.49259963585322764]\n",
      "[0.38917758942241876, 0.49702327167285876, 0.11379913890472249]\n",
      "[0.255876656468279, 0.30862869823845396, 0.43549464529326704]\n",
      "[0.35684550017811323, 0.5270970385880277, 0.11605746123385913]\n",
      "[0.23467002637817705, 0.2847357472659777, 0.4805942263558452]\n",
      "[0.14190067966465877, 0.12821792382716762, 0.7298813965081736]\n",
      "[0.36975765846597686, 0.5112738914682089, 0.11896845006581414]\n",
      "[0.23023810171428113, 0.25002696408175556, 0.5197349342039633]\n",
      "[0.25871873936238615, 0.31721193126759367, 0.4240693293700202]\n",
      "[0.0874551672170784, 0.08408743792021912, 0.8284573948627025]\n",
      "[0.3466639324598729, 0.45270976474724567, 0.2006263027928814]\n",
      "[0.2857545474677947, 0.357464945826621, 0.3567805067055843]\n",
      "[0.3895808401725775, 0.5466782752096243, 0.0637408846177982]\n",
      "[0.3431148358265105, 0.5576634788609836, 0.09922168531250598]\n",
      "[0.20077741804070545, 0.23138993025637938, 0.5678326517029152]\n",
      "[0.1292338476669145, 0.11546371328471049, 0.755302439048375]\n",
      "[0.3652887504297756, 0.5203869382828299, 0.11432431128739455]\n",
      "[0.30508655417768255, 0.46150984273782003, 0.23340360308449742]\n",
      "[0.06388677394799624, 0.05971147096779817, 0.8764017550842055]\n",
      "[0.3652664772568118, 0.5706943173521766, 0.06403920539101177]\n",
      "[0.3659392615797831, 0.5209153019363346, 0.11314543648388223]\n",
      "[0.237022971306229, 0.28358735213905223, 0.4793896765547188]\n",
      "[0.36490977692419097, 0.5209480525741079, 0.11414217050170106]\n",
      "[0.3595018456558109, 0.5155972954653131, 0.12490085887887609]\n",
      "[0.21852782056481193, 0.25250304610463586, 0.5289691333305522]\n",
      "[0.5723737587232592, 0.36646294203796803, 0.06116329923877274]\n",
      "[0.37559649660101435, 0.5757941586475036, 0.04860934475148205]\n",
      "[0.40370872722480516, 0.4966883880006545, 0.09960288477454037]\n",
      "[0.22574118386289058, 0.2544425811675956, 0.5198162349695139]\n",
      "[0.15681226882572366, 0.16131568136438582, 0.6818720498098906]\n",
      "[0.06570124879145947, 0.059793249365382724, 0.8745055018431578]\n",
      "[0.10642142925179034, 0.10087345876503599, 0.7927051119831737]\n",
      "[0.380407247091028, 0.4801280648566292, 0.13946468805234283]\n",
      "[0.2503043494640753, 0.3163582013447021, 0.4333374491912225]\n",
      "[0.3645892844605369, 0.5519919398750762, 0.08341877566438685]\n",
      "[0.263612524886512, 0.3569230831081844, 0.37946439200530363]\n",
      "[0.33879126717292984, 0.6117580709791942, 0.0494506618478759]\n",
      "[0.20980145576512158, 0.2404745511815313, 0.5497239930533471]\n",
      "[0.4910798335726102, 0.482774515740081, 0.026145650687308813]\n",
      "[0.3606539491052075, 0.48634220345812995, 0.1530038474366626]\n",
      "[0.0997758162680225, 0.09513095724673702, 0.8050932264852406]\n",
      "[0.11392154405559694, 0.1004794261077925, 0.7855990298366106]\n",
      "[0.12979652811682682, 0.12568517225703965, 0.7445182996261335]\n",
      "[0.20352416882082686, 0.23073934532722803, 0.565736485851945]\n",
      "[0.24956839151939345, 0.2986118021669419, 0.4518198063136648]\n",
      "[0.36445110870796726, 0.47626533080897765, 0.15928356048305503]\n",
      "[0.23386689670468522, 0.27861365338749045, 0.4875194499078243]\n",
      "[0.27913944683116354, 0.3910002993971193, 0.3298602537717171]\n",
      "[0.36250094280996725, 0.5779468732404279, 0.05955218394960475]\n",
      "[0.39654837145188926, 0.48008140228438667, 0.1233702262637241]\n",
      "[0.12308933769509185, 0.11780328854106821, 0.75910737376384]\n",
      "[0.22707544942096283, 0.25441333888750106, 0.5185112116915361]\n",
      "[0.2531088344123871, 0.3320232348869201, 0.41486793070069283]\n",
      "[0.23900205902641017, 0.2833884505595127, 0.47760949041407713]\n",
      "[0.2380340729921963, 0.29362279170765065, 0.46834313530015315]\n",
      "[0.2770215172014258, 0.660526965803747, 0.06245151699482716]\n",
      "[0.36149156246546793, 0.5065830789426065, 0.13192535859192558]\n",
      "[0.3709456535066587, 0.4886684461034385, 0.14038590038990284]\n",
      "[0.20559668930488237, 0.23248489179663961, 0.561918418898478]\n",
      "[0.3675279738807804, 0.4924156963792265, 0.14005632973999305]\n",
      "[0.21669091592152734, 0.24641326582468276, 0.53689581825379]\n",
      "[0.3966040170925611, 0.5342943447694218, 0.0691016381380171]\n",
      "[0.38713189679101995, 0.4677771451467741, 0.145090958062206]\n",
      "[0.07482777502234021, 0.9167331692125058, 0.008439055765153839]\n",
      "[0.23125151814541853, 0.2732496393579328, 0.4954988424966487]\n",
      "[0.23646895060395873, 0.2836026173635304, 0.47992843203251095]\n",
      "[0.06394571935849405, 0.055551089142459216, 0.8805031914990467]\n",
      "[0.008572649121585545, 0.0076570001054354995, 0.9837703507729789]\n",
      "0\n",
      "0\n",
      "0\n"
     ]
    },
    {
     "data": {
      "text/plain": [
       "'\\nmemberships = initializeMembershipMatrix()\\ncent = calculateClusterCenter(memberships)\\nmem = updateMembershipValue(memberships, cent)\\nfor value in mem:\\n    print(value)\\n'"
      ]
     },
     "execution_count": 96,
     "metadata": {},
     "output_type": "execute_result"
    }
   ],
   "source": [
    "import pandas as pd\n",
    "import numpy as np\n",
    "import random\n",
    "import operator\n",
    "import math\n",
    "from sklearn.datasets.samples_generator import make_blobs\n",
    "from sklearn import datasets\n",
    "import matplotlib.pyplot as plt\n",
    "from matplotlib import style\n",
    "\n",
    "x, y = make_blobs(n_samples=100, centers=5, n_features=2, random_state=1)\n",
    "a, b = datasets.make_circles(n_samples=200, factor=.5, noise=.05)\n",
    "c, d = datasets.make_moons(n_samples=200, noise=.05)\n",
    "\n",
    "#df = pd.DataFrame.from_dict({'x':x})\n",
    "df = pd.DataFrame(x)\n",
    "# Number of Attributes\n",
    "num_attr = len(df.columns) - 1\n",
    "\n",
    "# Number of Clusters\n",
    "k = 3\n",
    "\n",
    "# Maximum number of iterations\n",
    "MAX_ITER = 100\n",
    "\n",
    "# Number of data points\n",
    "n = len(df)\n",
    "\n",
    "# Fuzzy parameter\n",
    "m = 2.00\n",
    "\n",
    "\n",
    "def initializeMembershipMatrix():\n",
    "    membership_mat = list()\n",
    "    for i in range(n):\n",
    "        random_num_list = [random.random() for i in range(k)]\n",
    "        summation = sum(random_num_list)\n",
    "        temp_list = [x/summation for x in random_num_list]\n",
    "        membership_mat.append(temp_list)\n",
    "    return membership_mat\n",
    "\n",
    "\n",
    "def calculateClusterCenter(membership_mat):\n",
    "    cluster_centers = list()\n",
    "    for j in range(k):\n",
    "        x = list(membership_mat[j])\n",
    "        #xraised = [e ** m for e in x]\n",
    "        xraised = list(map(lambda x: x ** m, x))\n",
    "        denominator = sum(xraised)\n",
    "        temp_num = list()\n",
    "        for i in range(len(xraised)):\n",
    "            data_point = list(df.iloc[i])\n",
    "            prod = [xraised[i] * val for val in data_point]\n",
    "            temp_num.append(prod)\n",
    "        numerator = map(sum, zip(*temp_num))\n",
    "        center = [z/denominator for z in numerator]\n",
    "        cluster_centers.append(center)\n",
    "    return cluster_centers\n",
    "\n",
    "\n",
    "def updateMembershipValue(membership_mat, cluster_centers):\n",
    "    p = float(2/(m-1))\n",
    "    for i in range(n):\n",
    "        x = list(df.iloc[i])\n",
    "        distances = [np.linalg.norm(list(map(operator.sub, x, cluster_centers[j]))) for j in range(k)]\n",
    "        for j in range(k):\n",
    "            den = sum([math.pow(float(distances[j]/distances[c]), p) for c in range(k)])\n",
    "            if den == 0:\n",
    "                print('{} index is 0.'.format(j))\n",
    "            membership_mat[i][j] = float(1/den)       \n",
    "    return membership_mat\n",
    "\n",
    "def fuzzyCMeansClustering():\n",
    "    # Membership Matrix\n",
    "    membership_mat = initializeMembershipMatrix()\n",
    "    curr = 0\n",
    "    cluster_centers = None\n",
    "    while curr <= MAX_ITER:\n",
    "        previous = cluster_centers\n",
    "        cluster_centers = calculateClusterCenter(membership_mat)\n",
    "        membership_mat = updateMembershipValue(membership_mat, cluster_centers)\n",
    "        for value in membership_mat:\n",
    "            print(value)\n",
    "        #cluster_labels = getClusters(membership_mat)\n",
    "        isOptimal = True\n",
    "        \n",
    "        if previous == None:\n",
    "            break\n",
    "            \n",
    "        '''    for center in cluster_centers:\n",
    "                original = previous[center]\n",
    "                current = self.centers[center]\n",
    "                if np.sum( (current - original) / original * 100.0) > self.tolerance:\n",
    "                    isOptimal = False\n",
    "            if isOptimal:\n",
    "                break\n",
    "        '''\n",
    "        \n",
    "        curr += 1\n",
    "    #print(membership_mat)\n",
    "    #return cluster_labels, cluster_centers\n",
    "    return cluster_centers\n",
    "\n",
    "\n",
    "#labels, centers = fuzzyCMeansClustering()\n",
    "centers = fuzzyCMeansClustering()\n",
    "classification = centers.index(max(centers))\n",
    "print(classification)\n",
    "\n",
    "'''\n",
    "memberships = initializeMembershipMatrix()\n",
    "cent = calculateClusterCenter(memberships)\n",
    "mem = updateMembershipValue(memberships, cent)\n",
    "for value in mem:\n",
    "    print(value)\n",
    "'''"
   ]
  },
  {
   "cell_type": "code",
   "execution_count": null,
   "metadata": {
    "collapsed": true
   },
   "outputs": [],
   "source": []
  },
  {
   "cell_type": "code",
   "execution_count": null,
   "metadata": {
    "collapsed": true
   },
   "outputs": [],
   "source": []
  },
  {
   "cell_type": "code",
   "execution_count": null,
   "metadata": {
    "collapsed": true
   },
   "outputs": [],
   "source": []
  },
  {
   "cell_type": "code",
   "execution_count": null,
   "metadata": {
    "collapsed": true
   },
   "outputs": [],
   "source": []
  },
  {
   "cell_type": "code",
   "execution_count": null,
   "metadata": {
    "collapsed": true
   },
   "outputs": [],
   "source": []
  }
 ],
 "metadata": {
  "kernelspec": {
   "display_name": "Python 3",
   "language": "python",
   "name": "python3"
  },
  "language_info": {
   "codemirror_mode": {
    "name": "ipython",
    "version": 3
   },
   "file_extension": ".py",
   "mimetype": "text/x-python",
   "name": "python",
   "nbconvert_exporter": "python",
   "pygments_lexer": "ipython3",
   "version": "3.6.3"
  }
 },
 "nbformat": 4,
 "nbformat_minor": 2
}
